# Radius (km), Mass (Msun)
11.846153846153847 0.3978433598183875
11.7740821182223 0.42054483541430177
11.706818082598446 0.4432463110102156
11.63955950406007 0.4687854710556181
11.577108617829388 0.49432463110102143
11.533904872085916 0.528376844494892
11.481107570068978 0.5737797956867192
11.428326639308478 0.6276958002270141
11.394803763206147 0.6958002270147556
11.385302977385837 0.7553916004540291
11.385433947437352 0.8234960272417706
11.385564917488868 0.8916004540295117
11.38088273814721 0.9568671963677633
11.381024622369685 1.0306469920544834
11.386045141011088 1.1413166855845627
11.38625251025932 1.2491486946651529
11.37678992403737 1.3286038592508511
11.372107744695711 1.3938706015891031
11.362639701388282 1.4704880817253119
11.353144372653453 1.5329171396140748
11.329236881166505 1.601021566401816
11.305296647166681 1.652099886492622
11.281350956081376 1.7003405221339385
11.25743255042347 1.7627695800227012
11.214294289705753 1.8308740068104423
11.156711123723042 1.8876276958002267
11.099106129398411 1.9330306469920544
11.051111062603685 1.9755959137343926
10.974275299048283 2.02099886492622
10.911846241159521 2.05788876276958
10.815768794202391 2.0976163450624288
10.710070505544397 2.134506242905789
10.613971230245351 2.1628830874006812
10.489014886929189 2.1855845629965946
10.34963546668995 2.2082860385925085
10.2054265258011 2.219636776390465
10.027552824587444 2.2253121452894433

