# Radius (km), Mass (Msun)
10.591351610931634 0.400681044267877
10.538499738059897 0.41770715096481226
10.48565332227364 0.43757094211123704
10.42801012835065 0.46311010215663995
10.38959770365843 0.48864926220204286
10.341591722692744 0.5255391600454025
10.308008818650135 0.5624290578887621
10.288859905701562 0.6049943246311007
10.279320920282895 0.6447219069239498
10.279402776565092 0.687287173666288
10.2843141534969 0.7412031782065829
10.28920915917227 0.786606129398411
10.303708635292063 0.8263337116912597
10.318219025582817 0.8717366628830869
10.327927180651358 0.9199772985244037
10.34244848511307 0.9710556186152095
10.356980703745743 1.027809307604994
10.361892080677551 1.0817253121452892
10.371611149917051 1.135641316685584
10.371714834541168 1.1895573212258794
10.381439360866148 1.2463110102156638
10.381532131319304 1.2945516458569806
10.386454422422073 1.354143019296254
10.39135488518292 1.4023836549375708
10.386650877499346 1.4562996594778657
10.381985069414126 1.5300794551645858
10.377253776303151 1.5698070374574347
10.367725705055443 1.615209988649262
10.348571335021392 1.654937570942111
10.339048720859164 1.7031782065834278
10.315113943944818 1.7570942111237229
10.286366017637299 1.8081725312145287
10.257601720073342 1.850737797956867
10.214425259757268 1.8989784335981836
10.166419278791583 1.9358683314415437
10.123215533048109 1.9699205448354142
10.080000873133676 1.9982973893303064
10.031967606740592 2.02099886492622
9.964725399458656 2.0550510783200906
9.91187352658692 2.072077185017026
9.834983192176722 2.089103291713961
9.777312712826333 2.1004540295119183
9.700416921330655 2.114642451759364
9.589861826595651 2.125993189557321
9.508136514450362 2.1288308740068107
9.431218894612766 2.1316685584562993

